0.2025
0.2055
0.227
0.241
0.2555
0.256
0.259
0.2685
0.275
0.281
0.2825
0.2865
0.2865
0.287
0.2875
0.2925
0.293
0.293
0.295
0.2955
0.297
0.2975
0.298
0.298
0.2985
0.3015
0.302
0.3025
0.303
0.3035
0.304
0.3055
0.3055
0.306
0.306
0.307
0.3075
0.308
0.308
0.308
0.3085
0.309
0.309
0.311
0.312
0.3125
0.3125
0.313
0.313
0.313
0.3145
0.3145
0.3155
0.3175
0.319
0.32
0.3205
0.3205
0.321
0.321
0.322
0.3225
0.3225
0.324
0.324
0.3245
0.3245
0.326
0.3265
0.3265
0.327
0.3275
0.3275
0.3285
0.329
0.3295
0.33
0.33
0.331
0.332
0.333
0.3335
0.3345
0.3355
0.336
0.3375
0.3375
0.338
0.3385
0.339
0.3395
0.34
0.34
0.341
0.3415
0.3415
0.342
0.3425
0.343
0.343
0.3435
0.344
0.344
0.344
0.3445
0.347
0.347
0.347
0.3475
0.3475
0.3475
0.3475
0.348
0.3485
0.349
0.35
0.35
0.3505
0.351
0.3515
0.3515
0.3525
0.3525
0.3535
0.3545
0.3545
0.3555
0.3555
0.3555
0.356
0.357
0.357
0.3575
0.3585
0.359
0.359
0.359
0.3595
0.36
0.3625
0.363
0.3635
0.3635
0.364
0.365
0.366
0.366
0.3665
0.367
0.368
0.3695
0.371
0.374
0.3745
0.3765
0.3795
0.381
0.381
0.383
0.385
0.385
0.3865
0.3885
0.3905
0.3905
0.3915
0.395
0.396
0.4035